4838 

4771 

4771 

4838 

4771 

4771 

4838 

4838 

4838 

4906 

4906 

4977 

4906 

4977 

4977 

4977 

4977 

4977 

4977 

5050 

5125 

5050 

5050 

5050 

5050 

5050 

5125 

5125 

5125 

5202 

5202 

5202 

5448 

5448 

5448 

5448 

5448 

5448 

5202 

5202 

5282 

5364 

5448 

5448 

5364 

5364 

5448 

5448 

5448 

5448 

5448 

5448 

5535 

5448 

5448 

5448 

5448 

5448 

5364 

5364 

5364 

5282 

5282 

5282 

5202 

5125 

5050 

5050 

4977 

4977 

4977 

4977 

5050 

5050 

5050 

5125 

5125 

5202 

5282 

5282 

5202 

5282 

5282 

5202 

5202 

5125 

5125 

5125 

5125 

5125 

5125 

5125 

5125 

5125 

5202 

5050 

0 

0 

0 

0 

0 

5050 

5050 

5125 

5050 

5125 

5050 

5050 

5050 

5050 

5050 

5050 

5050 

5050 

5050 

5125 

5050 

5125 

5202 

5202 

5202 

5202 

5202 

5202 

5202 

5202 

5202 

5125 

5125 

5125 

5050 

5050 

5050 

5050 

5050 

5050 

5125 

5125 

5125 

5202 

5202 

5202 

5202 

5202 

5202 

5202 

5202 

5202 

5202 

5202 

5125 

5125 

5125 

5050 

5125 

5125 

5202 

5282 

5202 

5364 

5282 

5282 

5282 

5282 

5202 

5202 

5282 

5282 

5282 

0 

0 

0 

0 

0 

0 

0 

0 

0 

0 

0 

0 

5535 

5626 

5719 

5626 

5535 

5448 

5364 

5282 

5202 

5202 

5202 

5202 

5282 

5202 

5202 

5282 

5364 

5282 

5202 

5202 

5125 

5125 

5125 

5050 

5050 

0 

4838 

0 

0 

0 

0 

0 

4521 

4521 

4463 

4406 

4463 

4463 

4406 

0 

0 

0 

0 

0 

0 

3907 

3864 

3864 

3864 

3821 

3779 

3779 

3738 

3698 

3621 

3583 

3583 

3546 

3510 

3475 

3440 

3406 

3406 

3373 

3373 

3341 

3341 

3309 

3246 

3216 

3186 

3186 

3157 

3129 

3129 

3101 

3101 

3101 

3101 

3073 

3019 

3019 

2967 

2917 

2917 

2869 

2869 

2869 

2869 

2845 

2822 

2822 

2799 

2799 

2733 

2711 

2711 

2690 

2690 

2690 

2649 

2609 

2589 

2570 

2570 

2551 

2532 

2514 

2514 

2496 

2478 

2478 

2460 

2443 

2426 

2426 

2426 

2426 

2426 

2409 

2376 

2359 

2327 

2312 

2297 

2297 

2297 

2281 

2266 

2252 

2237 

2237 

2223 

2208 

2208 

2194 

2181 

2181 

2181 

2181 

2167 

2167 

2153 

2140 

2140 

2101 

2088 

2076 

2063 

2063 

2051 

2027 

2027 

2015 

1992 

1980 

1980 

1969 

1958 

1947 

1936 

1936 

1925 

1925 

1915 

1904 

1894 

1894 

1883 

1873 

1863 

1853 

1843 

1833 

1833 

1824 

1814 

1814 

1804 

1804 

1795 

1786 

1777 

1768 

1750 

1741 

1750 

1741 

1741 

1741 

1732 

1732 

1732 

1723 

1723 

1698 

1681 

1681 

1673 

1673 

1665 

1665 

1657 

1641 

1641 

1634 

1626 

1618 

1611 

1596 

1589 

1581 

1574 

1574 

1567 

1567 

1560 

1560 

1560 

1560 

1553 

1546 

1532 

1519 

1519 

1506 

1499 

1499 

1492 

1492 

1486 

1480 

1473 

1467 

1461 

1461 

1455 

1449 

1443 

1437 

1431 

1431 

1425 

1425 

1419 

1419 

1407 

1407 

1402 

1396 

1396 

1390 

1385 

1379 

1374 

1368 

1368 

1363 

1358 

1347 

1342 

1336 

1331 

1316 

1316 

1316 

1316 

1311 

1306 

1306 

1296 

1296 

1291 

1277 

1272 

1268 

1263 

1263 

1259 

1259 

1254 

1254 

1254 

1254 

1249 

1240 

1236 

1232 

1223 

1219 

1219 

1214 

1210 

1206 

1202 

1197 

1197 

1193 

1189 

