2669 

2669 

2690 

2669 

2690 

2669 

2669 

2669 

2669 

2690 

2669 

2690 

2690 

2690 

2690 

2690 

2690 

2690 

2690 

2690 

2690 

2690 

2690 

2690 

2690 

2690 

2690 

2690 

2690 

2690 

2711 

2690 

2690 

2690 

2690 

2690 

2690 

2690 

2690 

2690 

2690 

2690 

2711 

2711 

2711 

2711 

2711 

2733 

2733 

2711 

2733 

2733 

2733 

2733 

2733 

2733 

2733 

2733 

2754 

2754 

2754 

2754 

2754 

2754 

2754 

2754 

2754 

2733 

2733 

2754 

2754 

2754 

2754 

2754 

2754 

2754 

2754 

2754 

2754 

2777 

2777 

2754 

2754 

2754 

2754 

2754 

2754 

2754 

2754 

2777 

2777 

2777 

2777 

2777 

2799 

2799 

2799 

2799 

2799 

2799 

2799 

2777 

2777 

2777 

2777 

2777 

2777 

2777 

2777 

2799 

2799 

2799 

2799 

2799 

2799 

2799 

2799 

2799 

2799 

2799 

2799 

2822 

2822 

2822 

2845 

2845 

2845 

2845 

2845 

2845 

2845 

2822 

2822 

2822 

2822 

2822 

2845 

2845 

2845 

2845 

2845 

2845 

2845 

2845 

2845 

2845 

2845 

2845 

2845 

2845 

2845 

2845 

2869 

2869 

2869 

2869 

2869 

2869 

2869 

2869 

2845 

2845 

2845 

2869 

2869 

2869 

2869 

2869 

2869 

2869 

2893 

2893 

2893 

2893 

2893 

2893 

2893 

2893 

2893 

2893 

2893 

2893 

2893 

2893 

2917 

2917 

2917 

2917 

2917 

2917 

2917 

2917 

2917 

2917 

2917 

2917 

2917 

2917 

2917 

2917 

2917 

2917 

2942 

2942 

2942 

2942 

2942 

2942 

2942 

2917 

2917 

2942 

2942 

2942 

2942 

2942 

2942 

2942 

2942 

2942 

2942 

2942 

2942 

2942 

2942 

2942 

2942 

2967 

2967 

2967 

2967 

2967 

2967 

2967 

2967 

2967 

2967 

2967 

2967 

2942 

2967 

2967 

2967 

2967 

2967 

2967 

2967 

2967 

3406 

3406 

3406 

3309 

3309 

3309 

3277 

3277 

3246 

3216 

3186 

3186 

3157 

3129 

3129 

3101 

3073 

3046 

3019 

3019 

2993 

2967 

2942 

2942 

2917 

2893 

2869 

2845 

2799 

2777 

2777 

2754 

2733 

2733 

2711 

2711 

2690 

2669 

2649 

2629 

2609 

2609 

2589 

2589 

2589 

2570 

2551 

2532 

2514 

2496 

2478 

2460 

2460 

2443 

2426 

2392 

2376 

2376 

2359 

2359 

2343 

2327 

2327 

2312 

2281 

2281 

2266 

2266 

2252 

2237 

2223 

2208 

2194 

2194 

2181 

2167 

2153 

2153 

2140 

2140 

2127 

2114 

2114 

2101 

2088 

2076 

2051 

2051 

2039 

2027 

2015 

2003 

2003 

1992 

1980 

1969 

1969 

1958 

1958 

1947 

1947 

1925 

1915 

1894 

1894 

1883 

1873 

1873 

1863 

1863 

1853 

1843 

1833 

1824 

1814 

1804 

1795 

1786 

1786 

1786 

1777 

1768 

1759 

1750 

1741 

1732 

1732 

1723 

1723 

1715 

1706 

1706 

1698 

1690 

1690 

1681 

1681 

1673 

1665 

1657 

1649 

1634 

1626 

1618 

1618 

1611 

1603 

1596 

1589 

1581 

1574 

1567 

1567 

1560 

1560 

1553 

1546 

1539 

1532 

1525 

1519 

1519 

1512 

1506 

1506 

1499 

1492 

1486 

1486 

1480 

1473 

1473 

1467 

1461 

1461 

1455 

1455 

1449 

1437 

1431 

1425 

1419 

1413 

1413 

1407 

1402 

1402 

1396 

1390 

1385 

1385 

1374 

1374 

1368 

1363 

1363 

1358 

1352 

1347 

1347 

1342 

1336 

1336 

1336 

1331 

1321 

1316 

1311 

1301 

1301 

1296 

1296 

1291 

1287 

1287 

1282 

1282 

1282 

1277 

1272 

1268 

1268 

1263 

1259 

1254 

1245 

1240 

1240 

1236 

1232 

1232 

1227 

