6018 

6018 

6018 

6018 

6018 

6018 

5915 

5915 

5915 

5915 

5915 

5915 

5915 

5915 

6018 

6018 

6018 

6018 

6018 

6018 

6018 

6018 

6018 

6018 

6018 

6018 

6018 

6018 

6018 

6018 

6018 

6018 

6018 

6018 

6018 

6018 

6018 

6018 

5915 

6018 

6018 

6018 

6018 

6018 

6018 

6018 

6018 

6018 

6018 

6018 

6018 

6018 

6018 

6018 

5915 

6018 

0 

0 

0 

0 

0 

0 

0 

0 

0 

0 

0 

0 

5719 

5626 

5719 

5719 

5626 

5626 

5626 

5626 

5626 

5626 

5626 

5626 

5626 

5626 

5626 

5719 

5719 

5719 

5719 

5719 

5719 

5719 

5719 

5719 

5719 

5719 

5719 

5626 

5626 

5626 

5719 

5719 

5719 

5626 

5626 

5626 

5626 

5626 

5626 

5626 

5626 

5626 

5626 

5626 

5626 

5626 

5626 

5626 

5626 

5626 

5626 

5626 

5626 

5626 

5626 

5626 

5719 

5719 

5719 

5719 

5719 

5719 

5719 

5719 

5719 

5626 

5719 

5719 

5719 

5719 

5719 

5719 

5719 

5719 

5719 

5719 

5719 

5719 

5719 

5719 

5719 

5719 

5719 

5719 

5719 

5719 

5815 

5815 

5915 

5815 

5815 

5815 

5815 

5815 

5815 

5719 

5719 

5719 

5815 

5815 

5815 

5815 

5815 

5815 

5719 

5815 

5815 

5815 

5915 

5915 

5915 

5915 

5915 

5915 

5915 

5915 

5815 

5815 

5815 

5815 

5815 

5915 

5915 

6018 

6018 

6018 

5915 

5915 

5815 

5719 

5626 

5535 

5448 

5364 

5364 

5364 

5282 

5202 

5050 

5050 

5050 

4977 

4977 

4906 

4838 

4771 

4706 

4643 

4521 

4521 

4463 

4406 

4406 

4350 

4296 

4296 

4243 

4192 

4142 

4093 

4093 

4093 

4045 

4045 

3998 

3907 

3864 

3821 

3779 

3779 

3738 

3738 

3698 

3698 

3659 

3621 

3583 

3546 

3510 

3475 

3440 

3440 

3406 

3373 

3341 

3309 

3277 

3277 

3246 

3216 

3186 

3157 

3157 

3129 

3101 

3101 

3073 

3073 

3046 

3019 

2993 

2967 

2942 

2942 

2917 

2893 

2869 

2845 

2822 

2799 

2777 

2777 

2754 

2733 

2733 

2711 

2690 

2690 

2669 

2649 

2629 

2609 

2609 

2609 

2589 

2589 

2570 

2532 

2514 

2496 

2478 

2478 

2460 

2460 

2426 

2409 

2392 

2376 

2359 

2343 

2327 

2327 

2327 

2312 

2297 

2281 

2266 

2266 

2252 

2237 

2223 

2208 

2194 

2181 

2181 

2153 

2153 

2140 

2140 

2127 

2114 

2101 

2101 

2076 

2063 

2051 

2039 

2039 

2027 

2015 

2003 

2003 

2003 

1992 

1980 

1980 

1969 

1958 

1947 

1947 

1947 

1915 

1915 

1904 

1894 

1883 

1873 

1863 

1863 

1853 

1843 

1833 

1833 

1824 

1814 

1804 

1795 

1795 

1786 

1786 

1777 

1768 

1750 

1741 

1732 

1723 

1723 

1723 

1715 

1715 

1706 

1698 

1690 

1681 

1681 

1673 

1665 

1657 

1649 

1649 

1649 

1634 

1626 

1618 

1611 

1603 

1603 

1596 

1589 

1589 

1581 

1581 

1574 

1567 

1560 

1553 

1546 

1539 

1532 

1525 

1519 

1519 

1512 

1506 

1499 

1499 

1492 

1486 

1486 

1486 

1480 

1480 

1473 

1473 

1467 

1461 

1455 

1443 

1437 

1431 

1425 

1419 

1419 

1407 

1407 

1402 

1390 

1390 

1390 

1385 

1379 

1374 

1374 

1368 

1363 

1363 

1358 

1352 

1347 

1342 

1336 

1331 

1326 

1326 

1321 

1321 

1316 

1311 

1306 

1301 

1301 

1296 

1291 

1287 

1287 

1282 

1277 

1272 

1272 

1268 

1263 

1259 

1259 

1254 

1249 

1245 

1240 

1240 

1236 

1232 

1227 

1223 

